1 69
1 70
1 18
1 46
1 50
1 64
2 34
2 4
2 87
2 71
2 8
2 9
2 42
2 43
2 45
2 53
2 55
2 58
2 23
3 75
3 47
3 48
3 17
3 31
3 95
3 16
3 63
3 32
4 87
4 71
4 10
4 43
4 46
4 18
4 83
4 21
4 54
4 55
4 58
4 23
5 65
5 33
5 36
5 86
5 79
6 82
6 24
6 22
6 39
6 80
7 73
7 68
7 94
8 34
8 35
8 9
8 42
8 76
8 45
8 84
8 53
8 62
9 34
9 87
9 42
9 43
9 45
9 53
9 55
10 71
10 43
10 46
10 18
10 83
10 21
10 54
10 23
10 58
11 67
11 28
11 61
11 86
12 98
12 39
12 44
12 80
12 51
12 20
12 22
12 57
12 59
12 30
13 66
13 100
13 37
13 15
13 49
13 85
14 97
14 67
14 28
14 41
14 74
14 27
14 60
15 66
15 17
15 78
15 49
15 85
16 77
16 47
16 19
16 31
16 32
17 66
17 37
17 75
17 48
17 31
17 95
17 63
18 70
18 71
18 43
18 46
18 50
18 83
18 21
18 87
18 58
18 55
18 64
19 77
19 47
19 32
20 57
20 98
20 25
21 87
21 71
21 43
21 46
21 83
21 55
21 58
21 23
22 98
22 39
22 80
22 82
22 51
22 24
22 59
23 34
23 87
23 71
23 43
23 45
23 83
23 54
23 55
23 58
24 39
24 44
24 80
24 51
24 88
24 59
25 57
26 41
26 27
26 60
26 29
27 100
27 41
27 74
27 89
27 60
28 97
28 67
28 86
28 56
28 91
28 61
29 65
29 33
29 70
29 41
29 93
30 44
30 51
30 56
30 57
30 91
30 59
31 75
31 47
31 48
31 95
31 63
31 32
32 68
32 47
33 65
33 36
33 41
33 86
34 87
34 42
34 43
34 45
34 84
34 53
34 55
34 58
35 76
35 81
35 84
35 53
35 62
36 65
36 86
37 66
37 75
38 69
38 93
38 79
38 72
39 98
39 80
39 82
39 51
39 88
39 59
40 99
40 77
40 48
40 95
40 63
40 96
41 65
41 60
42 87
42 45
42 53
42 55
43 87
43 71
43 45
43 83
43 55
43 58
44 88
44 80
44 51
44 56
44 59
45 87
45 84
45 53
45 55
45 58
46 70
46 50
46 83
46 55
46 87
46 64
48 75
48 95
48 63
49 80
49 85
49 88
50 87
50 55
50 64
51 98
51 80
51 88
51 57
51 59
52 90
52 99
52 96
53 76
53 84
53 62
54 71
54 83
54 58
54 92
55 87
55 58
56 97
56 91
56 61
57 98
57 59
58 71
58 83
58 87
59 98
59 80
59 88
60 100
60 74
60 89
61 97
61 67
61 86
61 91
62 76
62 81
62 84
63 75
63 95
64 69
64 70
65 86
65 93
66 75
66 85
67 86
68 73
68 94
69 72
69 93
69 70
70 72
70 93
71 83
72 93
73 94
73 78
74 97
74 100
74 89
75 95
76 81
76 84
78 82
78 94
80 88
81 84
89 100
90 99
90 92
90 96
91 97
92 96
96 99
